0
0
0
0
0
0
0
0
0
0
0
0
0
0
0
0
0
0
0
0
0
0
0
0
0
0
0
0
0
0
0
0
0
0
0
0
0
0
0
0
0
0
0
0
0
0
0
0
0
0
0
0
0
0
0
0
0
0
0
0
0
0
0
0
0
0
0
0
0
0
0
0
0
0
0
0
0
0
0
0
0
0
0
0
0
0
0
0
0
0
0
0
0
0
0
0
0
0
0
0
0
0
0
0
0
0
0
0
0
0
0
0
0
0
0
0
0
0
0
0
0
0
0
0
0
0
0
0
0
0
0
0
0
0
0
0
0
0
0
0
0
0
0
0
0
0
0
0
0
0
0
0
0
0
0
0
0
0
0
0
0
0
0
0
0
0
0
0
0
0
0
0
0
0
0
0
0
0
0
0
0
0
0
0
0
0
0
0
0
0
0
0
0
0
0
0
0
0
0
0
0
0
0
0
0
0
0
0
0
0
0
0
0
0
0
0
0
0
0
0
0
0
0
0
0
0
0
0
0
0
0
0
0
0
0
0
0
8,80362E-06
5,95336E-05
0,000247089
0,000792016
0,002084959
0,004743685
0,009606375
0,01767026
0,029992259
0,047684069
0,071862141
0,103673958
0,144343438
0,195097885
0,257229857
0,331932395
0,420091079
0,522254485
0,638497813
0,76836697
0,910936823
1,064747528
1,22806709
1,3989582
1,575360568
1,755211239
1,936564386
2,117668316
2,297013975
2,473301825
2,645466143
2,812613687
2,974051638
3,129278937
3,277960422
3,41986241
3,554878536
3,682989234
3,804272082
3,918889479
4,026958837
4,12862607
4,22409579
4,313606585
4,397405562
4,47575715
4,548844874
4,616935539
4,680273877
4,739098475
4,793600806
4,843924693
4,890202493
4,932594932
4,97123256
5,006238647
5,037690484
5,065621194
5,090097024
5,111190795
5,129041293
5,143723718
5,155310741
5,163835487
5,169393139
5,172139955
5,172236946
5,169763782
5,164793134
5,157435419
5,147882677
5,136359655
5,123020654
5,107952186
5,091253488
5,073140349
5,053820614
5,0335323
5,012460453
4,990771408
4,968702614
4,946446112
4,92413483
4,901948909
4,880008288
4,85849982
4,837498704
4,817047154
4,797193236
4,778014813
4,75960608
4,742031192
4,725244173
4,709246828
4,693990804
4,679438645
4,665493074
4,652019489
4,638859543
4,625924476
4,613143708
4,600433807
4,587721528
4,574907638
4,561880049
4,548574321
4,534893464
4,52074062
4,506000753
4,490577007
4,474421027
4,457625053
4,440246676
4,42233887
4,40387703
4,384797708
4,365056448
4,344644447
4,323599448
4,302011595
4,279922968
4,257304627
4,234062091
4,210135674
4,18557164
4,160517859
4,1351443
4,109649144
4,084120866
4,058590781
4,033064461
4,007470223
3,98177675
3,955983472
3,930062876
3,904130948
3,878304966
3,852708484
3,827409706
3,802386689
3,777599733
3,753031515
3,728740864
3,704761475
3,681122001
3,657866041
3,634954616
3,612360594
3,589916688
3,567472782
3,544878759
3,522042384
3,498951904
3,475647724
3,452237599
3,428867023
3,405657743
3,382772577
3,360308954
3,338304046
3,316689649
3,295287145
3,273899872
3,252276671
3,230267428
3,207847823
3,185181244
3,162547789
3,140273813
3,118577923
3,097570247
3,077133945
3,057026377
3,036885686
3,016387607
2,99523877
2,973350838
2,950792297
2,927887549
2,905057716
2,882746282
2,861211403
2,840534554
2,820555008
2,801045358
2,781696719
2,762204676
2,742284664
2,72181969
2,700880618
2,679776201
2,658905334
2,638575093
2,618897854
2,599774095
2,580910866
2,561957207
2,542555595
2,522425934
2,501391981
2,479451075
2,456729146
2,433522226
2,410286366
2,387527113
2,365679149
2,345024375
2,325523528
2,306936062
2,28885804
2,270813426
2,252426653
2,23338032
2,213513415
2,192777014
2,171242269
2,149109454
2,126696543
2,104385244
2,082645166
2,06187591
2,042381891
2,024279817
2,007443892
1,991492978
1,975949897
1,960320853
1,944204726
1,927388634
1,9096881
1,891056865
1,871584503
1,851355874
1,830555739
1,809342731
1,787834548
1,766204618
1,744559457
1,723070973
1,701930922
1,681314025
1,661347601
1,64203431
1,623250599
1,60485278
1,586618349
1,568397191
1,550043675
1,531515724
1,512767361
1,493824865
1,474716604
1,45545642
1,43606597
1,416573909
1,397037964
1,377565887
1,358219607
1,339031962
1,319979051
1,301027751
1,282208523
1,263528649
1,245049337
1,226761781
1,208629095
1,190683546
1,172899294
1,155284857
1,137800399
1,120402323
1,103083346
1,085852842
1,068728284
1,051779968
1,034977433
1,018324862
1,001795845
0,985430216
0,969271859
0,953311972
0,937499958
0,921798358
0,90626433
0,890990682
0,876125438
0,861842176
0,848214426
0,835224294
0,822778688
0,810697602
0,798850198
0,787079802
0,77521926
0,763190995
0,750955173
0,738516546
0,72595003
0,713423064
0,701136779
0,689278462
0,677929457
0,667035117
0,656489495
0,646190696
0,636009023
0,625869277
0,615724911
0,605576495
0,595529405
0,585680784
0,576077178
0,566727107
0,557611004
0,548720067
0,54010027
0,531725489
0,523589012
0,515646383
0,50782997
0,500136826
0,492542916
0,485028675
0,477593534
0,470227166
0,462948852
0,455729938
0,448409698
0,440886368
0,433113973
0,425231297
0,417416825
0,409840656
0,402659467
0,396043073
0,390126074
0,384976674
0,38052667
0,37661505
0,373034256
0,369539558
0,365883848
0,361850766
0,357272873
0,352081681
0,346299131
0,34001594
0,333417153
0,326686009
0,319990231
0,313479498
0,307231673
0,301378543
0,295995309
0,291144031
0,286854887
0,28305815
0,279649548
0,276463449
0,273218235
0,269747704
0,265933209
0,261829814
0,257514392
0,253024687
0,248358455
0,243533588
0,238615914
0,233707043
0,228864569
0,224132092
0,219417373
0,214605512
0,209533404
0,204139274
0,198447155
0,192534625
0,186487361
0,180433385
0,174474594
0,168769336
0,163381633
0,158333845
0,153588229
0,149080916
0,14475013
0,140536186
0,136320151
0,131986988
0,127417899
0,122551106
0,117381856
0,111919237
0,106196372
0,100281465
0,094276128
0,088334944
0,082647293
0,077350155
0,072529623
0,068200929
0,064293777
0,060693133
0,057233649
0,053730281
0,050089936
0,046259925
0,042255764
0,038134477
0,033958124
0,029814894
0,025788506
0,02195416
0,01840438
0,01520094
0,012352647
0,00984636
0,007688792
0,005923826
0,004542661
0,003461575
0,002583428
0,001848818
0,001270884
0,000867101
0,000615525
0,000450045
0,000317688
0,000194134
9,48995E-05
3,31227E-05
8,80362E-06
0
0
0
0
0
0
0
0
0
0
0
0
0
0
0
0
0
0
0
0
0
0
0
0
0
0
0
0
0
0
0
0
0
0
0
0
0
0
0
0
0
0
0
0
0
0
0
0
0
0
0
0
0
0
0
0
0
0
0
0
0
0
0
0
0
0
0
0
0
0
0
0
0
0
0
0
0
0
0
0
0
0
0
0
0
0
0
0
0
0
0
0
0
0
0
0
0
0
0
0
0
0
0
0
0
0
0
0
0
0
0
0
0
0
0
0
0
0
0
0
0
0
0
0
0
0
0
0
0
0
0
0
0
0
0
0
0
0
0
0
0
0
0
0
0
0
0
0
0
0
0
0
0
0
0
0
0
0
0
0
0
0
0
0
0
0
0
0
0
0
0
0
0
0
0
0
0
0
0
0
0
0
0
0
0
0
0
0
0
0
0
0
0
0
0
0
0
0
0
0
0
0
0
0
0
0
0
0
0
0
0
0
0
0
0
0
0
0
0
0
0
0
0
0
0
0
0
0
0
0
0
0
0
0
0
0
0
0
0
0
0
0
0
0
0
0
0
0
0
0
0
0
0
0
0
0
0
0
0
0
0
0
0
0
0
0
0
0
0
0
0
0
0
0
0
0
0
0
0
0
0
0
0
0
0
0
0
0
0
0
0
0
0
0
0
0
0
0
0
0
0
0
0
0
0
0
0
0
0
0
0
0
0
0
0
0
0
0
0
0
0
0
0
0
0
0
0
0
0
0
0
0
0
0
0
0
0
0
0
0
0
0
0
0
0
0
0
0
0
0
0
0
0
0
0
0
0
0
0
0
0
0
0
0
0
0
0
0
0
0
0
0
0
0
0
0
0
0
0
0
0
0
0
0
0
0
0
0
0
0
0
0
0
0
0
0
0
0
0
0
0
0
0
0
0
0
0
0
0
0
0
0
0
0
0
0
0
0
0
0
0
0
0
0
0
0
0
0
0
0
0
0
0
0
0
0
0
0
0
0
0
0
0
0
0
0
0
0
0
0
0
0
0
0
0
0
0
0
0
0
0
0
0
0
0
0
0
0
0
0
0
0
0
0
0
0
0
0
0
0
0
0
0
0
0
0
0
0
0
0
0
0
0
0
0
0
0
0
0
0
0
0
0
0
0
0
0
0
0
0
0
0
0
0
0
0
0
0
0
0
0
0
0
0
0
0
0
0
0
0
0
0